{
 "cells": [
  {
   "cell_type": "markdown",
   "id": "bb929143-12d2-4042-935d-cc4424086855",
   "metadata": {},
   "source": [
    "## Import Required Packages"
   ]
  },
  {
   "cell_type": "code",
   "execution_count": 1,
   "id": "ff2de26d-be9b-40c6-97a8-1945cafe41b0",
   "metadata": {},
   "outputs": [
    {
     "name": "stderr",
     "output_type": "stream",
     "text": [
      "/usr/local/lib/python3.10/dist-packages/matplotlib/projections/__init__.py:63: UserWarning: Unable to import Axes3D. This may be due to multiple versions of Matplotlib being installed (e.g. as a system package and as a pip package). As a result, the 3D projection is not available.\n",
      "  warnings.warn(\"Unable to import Axes3D. This may be due to multiple versions of \"\n"
     ]
    }
   ],
   "source": [
    "import pandas as pd\n",
    "import numpy as np\n",
    "import matplotlib.pyplot as plt\n",
    "import seaborn as sns"
   ]
  },
  {
   "cell_type": "markdown",
   "id": "b849844c-61c0-460e-9d66-b07771693ebb",
   "metadata": {},
   "source": [
    "## Load the Data"
   ]
  },
  {
   "cell_type": "code",
   "execution_count": 2,
   "id": "3b5aed81-2167-48f6-8ea7-592950249e5e",
   "metadata": {},
   "outputs": [
    {
     "data": {
      "text/html": [
       "<div>\n",
       "<style scoped>\n",
       "    .dataframe tbody tr th:only-of-type {\n",
       "        vertical-align: middle;\n",
       "    }\n",
       "\n",
       "    .dataframe tbody tr th {\n",
       "        vertical-align: top;\n",
       "    }\n",
       "\n",
       "    .dataframe thead th {\n",
       "        text-align: right;\n",
       "    }\n",
       "</style>\n",
       "<table border=\"1\" class=\"dataframe\">\n",
       "  <thead>\n",
       "    <tr style=\"text-align: right;\">\n",
       "      <th></th>\n",
       "      <th>Unnamed: 0</th>\n",
       "      <th>airline</th>\n",
       "      <th>overall</th>\n",
       "      <th>traveller_type</th>\n",
       "      <th>cabin</th>\n",
       "      <th>seat_comfort</th>\n",
       "      <th>cabin_service</th>\n",
       "      <th>food_bev</th>\n",
       "      <th>entertainment</th>\n",
       "      <th>ground_service</th>\n",
       "      <th>value_for_money</th>\n",
       "      <th>recommended</th>\n",
       "      <th>Customer_reviews_nlp</th>\n",
       "    </tr>\n",
       "  </thead>\n",
       "  <tbody>\n",
       "    <tr>\n",
       "      <th>0</th>\n",
       "      <td>0</td>\n",
       "      <td>71</td>\n",
       "      <td>7</td>\n",
       "      <td>0</td>\n",
       "      <td>1</td>\n",
       "      <td>4</td>\n",
       "      <td>5</td>\n",
       "      <td>4</td>\n",
       "      <td>4</td>\n",
       "      <td>2</td>\n",
       "      <td>4</td>\n",
       "      <td>1</td>\n",
       "      <td>1</td>\n",
       "    </tr>\n",
       "    <tr>\n",
       "      <th>1</th>\n",
       "      <td>1</td>\n",
       "      <td>71</td>\n",
       "      <td>2</td>\n",
       "      <td>2</td>\n",
       "      <td>1</td>\n",
       "      <td>4</td>\n",
       "      <td>1</td>\n",
       "      <td>1</td>\n",
       "      <td>1</td>\n",
       "      <td>1</td>\n",
       "      <td>1</td>\n",
       "      <td>0</td>\n",
       "      <td>1</td>\n",
       "    </tr>\n",
       "    <tr>\n",
       "      <th>2</th>\n",
       "      <td>2</td>\n",
       "      <td>71</td>\n",
       "      <td>3</td>\n",
       "      <td>0</td>\n",
       "      <td>1</td>\n",
       "      <td>1</td>\n",
       "      <td>4</td>\n",
       "      <td>1</td>\n",
       "      <td>3</td>\n",
       "      <td>1</td>\n",
       "      <td>2</td>\n",
       "      <td>0</td>\n",
       "      <td>1</td>\n",
       "    </tr>\n",
       "    <tr>\n",
       "      <th>3</th>\n",
       "      <td>3</td>\n",
       "      <td>71</td>\n",
       "      <td>10</td>\n",
       "      <td>3</td>\n",
       "      <td>1</td>\n",
       "      <td>4</td>\n",
       "      <td>5</td>\n",
       "      <td>5</td>\n",
       "      <td>5</td>\n",
       "      <td>5</td>\n",
       "      <td>5</td>\n",
       "      <td>1</td>\n",
       "      <td>1</td>\n",
       "    </tr>\n",
       "    <tr>\n",
       "      <th>4</th>\n",
       "      <td>4</td>\n",
       "      <td>71</td>\n",
       "      <td>1</td>\n",
       "      <td>3</td>\n",
       "      <td>1</td>\n",
       "      <td>1</td>\n",
       "      <td>1</td>\n",
       "      <td>1</td>\n",
       "      <td>1</td>\n",
       "      <td>1</td>\n",
       "      <td>1</td>\n",
       "      <td>0</td>\n",
       "      <td>1</td>\n",
       "    </tr>\n",
       "    <tr>\n",
       "      <th>...</th>\n",
       "      <td>...</td>\n",
       "      <td>...</td>\n",
       "      <td>...</td>\n",
       "      <td>...</td>\n",
       "      <td>...</td>\n",
       "      <td>...</td>\n",
       "      <td>...</td>\n",
       "      <td>...</td>\n",
       "      <td>...</td>\n",
       "      <td>...</td>\n",
       "      <td>...</td>\n",
       "      <td>...</td>\n",
       "      <td>...</td>\n",
       "    </tr>\n",
       "    <tr>\n",
       "      <th>65942</th>\n",
       "      <td>65942</td>\n",
       "      <td>72</td>\n",
       "      <td>5</td>\n",
       "      <td>1</td>\n",
       "      <td>1</td>\n",
       "      <td>3</td>\n",
       "      <td>5</td>\n",
       "      <td>4</td>\n",
       "      <td>1</td>\n",
       "      <td>5</td>\n",
       "      <td>2</td>\n",
       "      <td>0</td>\n",
       "      <td>1</td>\n",
       "    </tr>\n",
       "    <tr>\n",
       "      <th>65943</th>\n",
       "      <td>65943</td>\n",
       "      <td>72</td>\n",
       "      <td>5</td>\n",
       "      <td>1</td>\n",
       "      <td>0</td>\n",
       "      <td>1</td>\n",
       "      <td>5</td>\n",
       "      <td>1</td>\n",
       "      <td>3</td>\n",
       "      <td>2</td>\n",
       "      <td>2</td>\n",
       "      <td>0</td>\n",
       "      <td>1</td>\n",
       "    </tr>\n",
       "    <tr>\n",
       "      <th>65944</th>\n",
       "      <td>65944</td>\n",
       "      <td>72</td>\n",
       "      <td>4</td>\n",
       "      <td>3</td>\n",
       "      <td>0</td>\n",
       "      <td>4</td>\n",
       "      <td>1</td>\n",
       "      <td>2</td>\n",
       "      <td>2</td>\n",
       "      <td>3</td>\n",
       "      <td>3</td>\n",
       "      <td>0</td>\n",
       "      <td>1</td>\n",
       "    </tr>\n",
       "    <tr>\n",
       "      <th>65945</th>\n",
       "      <td>65945</td>\n",
       "      <td>72</td>\n",
       "      <td>7</td>\n",
       "      <td>1</td>\n",
       "      <td>0</td>\n",
       "      <td>1</td>\n",
       "      <td>5</td>\n",
       "      <td>4</td>\n",
       "      <td>2</td>\n",
       "      <td>4</td>\n",
       "      <td>3</td>\n",
       "      <td>0</td>\n",
       "      <td>0</td>\n",
       "    </tr>\n",
       "    <tr>\n",
       "      <th>65946</th>\n",
       "      <td>65946</td>\n",
       "      <td>72</td>\n",
       "      <td>4</td>\n",
       "      <td>3</td>\n",
       "      <td>1</td>\n",
       "      <td>1</td>\n",
       "      <td>5</td>\n",
       "      <td>5</td>\n",
       "      <td>4</td>\n",
       "      <td>1</td>\n",
       "      <td>2</td>\n",
       "      <td>0</td>\n",
       "      <td>1</td>\n",
       "    </tr>\n",
       "  </tbody>\n",
       "</table>\n",
       "<p>65947 rows × 13 columns</p>\n",
       "</div>"
      ],
      "text/plain": [
       "       Unnamed: 0  airline  overall  traveller_type  cabin  seat_comfort  \\\n",
       "0               0       71        7               0      1             4   \n",
       "1               1       71        2               2      1             4   \n",
       "2               2       71        3               0      1             1   \n",
       "3               3       71       10               3      1             4   \n",
       "4               4       71        1               3      1             1   \n",
       "...           ...      ...      ...             ...    ...           ...   \n",
       "65942       65942       72        5               1      1             3   \n",
       "65943       65943       72        5               1      0             1   \n",
       "65944       65944       72        4               3      0             4   \n",
       "65945       65945       72        7               1      0             1   \n",
       "65946       65946       72        4               3      1             1   \n",
       "\n",
       "       cabin_service  food_bev  entertainment  ground_service  \\\n",
       "0                  5         4              4               2   \n",
       "1                  1         1              1               1   \n",
       "2                  4         1              3               1   \n",
       "3                  5         5              5               5   \n",
       "4                  1         1              1               1   \n",
       "...              ...       ...            ...             ...   \n",
       "65942              5         4              1               5   \n",
       "65943              5         1              3               2   \n",
       "65944              1         2              2               3   \n",
       "65945              5         4              2               4   \n",
       "65946              5         5              4               1   \n",
       "\n",
       "       value_for_money  recommended  Customer_reviews_nlp  \n",
       "0                    4            1                     1  \n",
       "1                    1            0                     1  \n",
       "2                    2            0                     1  \n",
       "3                    5            1                     1  \n",
       "4                    1            0                     1  \n",
       "...                ...          ...                   ...  \n",
       "65942                2            0                     1  \n",
       "65943                2            0                     1  \n",
       "65944                3            0                     1  \n",
       "65945                3            0                     0  \n",
       "65946                2            0                     1  \n",
       "\n",
       "[65947 rows x 13 columns]"
      ]
     },
     "execution_count": 2,
     "metadata": {},
     "output_type": "execute_result"
    }
   ],
   "source": [
    "df = pd.read_csv('./Project_File.csv')\n",
    "df"
   ]
  },
  {
   "cell_type": "markdown",
   "id": "0ad58c91-0846-4f6c-9445-76c252c5b50b",
   "metadata": {},
   "source": [
    "## Exploratory Data Analysis (EDA)"
   ]
  },
  {
   "cell_type": "code",
   "execution_count": 3,
   "id": "b3e57103-4a0b-44fa-8c2a-d6f601a276e1",
   "metadata": {},
   "outputs": [],
   "source": [
    "df.drop('Unnamed: 0', axis=1, inplace=True)"
   ]
  },
  {
   "cell_type": "code",
   "execution_count": 4,
   "id": "b4ebf5bd-0a39-4427-a801-1205142977ec",
   "metadata": {},
   "outputs": [
    {
     "data": {
      "text/html": [
       "<div>\n",
       "<style scoped>\n",
       "    .dataframe tbody tr th:only-of-type {\n",
       "        vertical-align: middle;\n",
       "    }\n",
       "\n",
       "    .dataframe tbody tr th {\n",
       "        vertical-align: top;\n",
       "    }\n",
       "\n",
       "    .dataframe thead th {\n",
       "        text-align: right;\n",
       "    }\n",
       "</style>\n",
       "<table border=\"1\" class=\"dataframe\">\n",
       "  <thead>\n",
       "    <tr style=\"text-align: right;\">\n",
       "      <th></th>\n",
       "      <th>airline</th>\n",
       "      <th>overall</th>\n",
       "      <th>traveller_type</th>\n",
       "      <th>cabin</th>\n",
       "      <th>seat_comfort</th>\n",
       "      <th>cabin_service</th>\n",
       "      <th>food_bev</th>\n",
       "      <th>entertainment</th>\n",
       "      <th>ground_service</th>\n",
       "      <th>value_for_money</th>\n",
       "      <th>recommended</th>\n",
       "      <th>Customer_reviews_nlp</th>\n",
       "    </tr>\n",
       "  </thead>\n",
       "  <tbody>\n",
       "    <tr>\n",
       "      <th>0</th>\n",
       "      <td>71</td>\n",
       "      <td>7</td>\n",
       "      <td>0</td>\n",
       "      <td>1</td>\n",
       "      <td>4</td>\n",
       "      <td>5</td>\n",
       "      <td>4</td>\n",
       "      <td>4</td>\n",
       "      <td>2</td>\n",
       "      <td>4</td>\n",
       "      <td>1</td>\n",
       "      <td>1</td>\n",
       "    </tr>\n",
       "    <tr>\n",
       "      <th>1</th>\n",
       "      <td>71</td>\n",
       "      <td>2</td>\n",
       "      <td>2</td>\n",
       "      <td>1</td>\n",
       "      <td>4</td>\n",
       "      <td>1</td>\n",
       "      <td>1</td>\n",
       "      <td>1</td>\n",
       "      <td>1</td>\n",
       "      <td>1</td>\n",
       "      <td>0</td>\n",
       "      <td>1</td>\n",
       "    </tr>\n",
       "    <tr>\n",
       "      <th>2</th>\n",
       "      <td>71</td>\n",
       "      <td>3</td>\n",
       "      <td>0</td>\n",
       "      <td>1</td>\n",
       "      <td>1</td>\n",
       "      <td>4</td>\n",
       "      <td>1</td>\n",
       "      <td>3</td>\n",
       "      <td>1</td>\n",
       "      <td>2</td>\n",
       "      <td>0</td>\n",
       "      <td>1</td>\n",
       "    </tr>\n",
       "    <tr>\n",
       "      <th>3</th>\n",
       "      <td>71</td>\n",
       "      <td>10</td>\n",
       "      <td>3</td>\n",
       "      <td>1</td>\n",
       "      <td>4</td>\n",
       "      <td>5</td>\n",
       "      <td>5</td>\n",
       "      <td>5</td>\n",
       "      <td>5</td>\n",
       "      <td>5</td>\n",
       "      <td>1</td>\n",
       "      <td>1</td>\n",
       "    </tr>\n",
       "    <tr>\n",
       "      <th>4</th>\n",
       "      <td>71</td>\n",
       "      <td>1</td>\n",
       "      <td>3</td>\n",
       "      <td>1</td>\n",
       "      <td>1</td>\n",
       "      <td>1</td>\n",
       "      <td>1</td>\n",
       "      <td>1</td>\n",
       "      <td>1</td>\n",
       "      <td>1</td>\n",
       "      <td>0</td>\n",
       "      <td>1</td>\n",
       "    </tr>\n",
       "  </tbody>\n",
       "</table>\n",
       "</div>"
      ],
      "text/plain": [
       "   airline  overall  traveller_type  cabin  seat_comfort  cabin_service  \\\n",
       "0       71        7               0      1             4              5   \n",
       "1       71        2               2      1             4              1   \n",
       "2       71        3               0      1             1              4   \n",
       "3       71       10               3      1             4              5   \n",
       "4       71        1               3      1             1              1   \n",
       "\n",
       "   food_bev  entertainment  ground_service  value_for_money  recommended  \\\n",
       "0         4              4               2                4            1   \n",
       "1         1              1               1                1            0   \n",
       "2         1              3               1                2            0   \n",
       "3         5              5               5                5            1   \n",
       "4         1              1               1                1            0   \n",
       "\n",
       "   Customer_reviews_nlp  \n",
       "0                     1  \n",
       "1                     1  \n",
       "2                     1  \n",
       "3                     1  \n",
       "4                     1  "
      ]
     },
     "execution_count": 4,
     "metadata": {},
     "output_type": "execute_result"
    }
   ],
   "source": [
    "df.head()"
   ]
  },
  {
   "cell_type": "code",
   "execution_count": 5,
   "id": "e9ee3208-45fb-4e0a-85b5-6e233451afc8",
   "metadata": {},
   "outputs": [
    {
     "data": {
      "text/plain": [
       "Index(['airline', 'overall', 'traveller_type', 'cabin', 'seat_comfort',\n",
       "       'cabin_service', 'food_bev', 'entertainment', 'ground_service',\n",
       "       'value_for_money', 'recommended', 'Customer_reviews_nlp'],\n",
       "      dtype='object')"
      ]
     },
     "execution_count": 5,
     "metadata": {},
     "output_type": "execute_result"
    }
   ],
   "source": [
    "df.columns"
   ]
  },
  {
   "cell_type": "code",
   "execution_count": 6,
   "id": "ec8fc736-8cce-45fe-a19e-ecefe49d2eea",
   "metadata": {},
   "outputs": [
    {
     "data": {
      "text/html": [
       "<div>\n",
       "<style scoped>\n",
       "    .dataframe tbody tr th:only-of-type {\n",
       "        vertical-align: middle;\n",
       "    }\n",
       "\n",
       "    .dataframe tbody tr th {\n",
       "        vertical-align: top;\n",
       "    }\n",
       "\n",
       "    .dataframe thead th {\n",
       "        text-align: right;\n",
       "    }\n",
       "</style>\n",
       "<table border=\"1\" class=\"dataframe\">\n",
       "  <thead>\n",
       "    <tr style=\"text-align: right;\">\n",
       "      <th></th>\n",
       "      <th>airline</th>\n",
       "      <th>overall</th>\n",
       "      <th>traveller_type</th>\n",
       "      <th>cabin</th>\n",
       "      <th>seat_comfort</th>\n",
       "      <th>cabin_service</th>\n",
       "      <th>food_bev</th>\n",
       "      <th>entertainment</th>\n",
       "      <th>ground_service</th>\n",
       "      <th>value_for_money</th>\n",
       "      <th>recommended</th>\n",
       "      <th>Customer_reviews_nlp</th>\n",
       "    </tr>\n",
       "  </thead>\n",
       "  <tbody>\n",
       "    <tr>\n",
       "      <th>airline</th>\n",
       "      <td>1.000000</td>\n",
       "      <td>-0.049841</td>\n",
       "      <td>0.002348</td>\n",
       "      <td>0.009951</td>\n",
       "      <td>-0.061480</td>\n",
       "      <td>-0.055719</td>\n",
       "      <td>-0.024836</td>\n",
       "      <td>-0.021592</td>\n",
       "      <td>-0.063011</td>\n",
       "      <td>-0.045639</td>\n",
       "      <td>-0.040677</td>\n",
       "      <td>-0.026163</td>\n",
       "    </tr>\n",
       "    <tr>\n",
       "      <th>overall</th>\n",
       "      <td>-0.049841</td>\n",
       "      <td>1.000000</td>\n",
       "      <td>0.044599</td>\n",
       "      <td>-0.084468</td>\n",
       "      <td>0.713036</td>\n",
       "      <td>0.728850</td>\n",
       "      <td>0.622074</td>\n",
       "      <td>0.472860</td>\n",
       "      <td>0.547586</td>\n",
       "      <td>0.855453</td>\n",
       "      <td>0.854458</td>\n",
       "      <td>0.513458</td>\n",
       "    </tr>\n",
       "    <tr>\n",
       "      <th>traveller_type</th>\n",
       "      <td>0.002348</td>\n",
       "      <td>0.044599</td>\n",
       "      <td>1.000000</td>\n",
       "      <td>0.027641</td>\n",
       "      <td>0.031875</td>\n",
       "      <td>0.033841</td>\n",
       "      <td>0.035045</td>\n",
       "      <td>0.024432</td>\n",
       "      <td>0.032803</td>\n",
       "      <td>0.045217</td>\n",
       "      <td>0.041819</td>\n",
       "      <td>0.024899</td>\n",
       "    </tr>\n",
       "    <tr>\n",
       "      <th>cabin</th>\n",
       "      <td>0.009951</td>\n",
       "      <td>-0.084468</td>\n",
       "      <td>0.027641</td>\n",
       "      <td>1.000000</td>\n",
       "      <td>-0.089035</td>\n",
       "      <td>-0.080699</td>\n",
       "      <td>-0.091520</td>\n",
       "      <td>-0.054391</td>\n",
       "      <td>-0.039795</td>\n",
       "      <td>-0.085966</td>\n",
       "      <td>-0.063842</td>\n",
       "      <td>-0.038462</td>\n",
       "    </tr>\n",
       "    <tr>\n",
       "      <th>seat_comfort</th>\n",
       "      <td>-0.061480</td>\n",
       "      <td>0.713036</td>\n",
       "      <td>0.031875</td>\n",
       "      <td>-0.089035</td>\n",
       "      <td>1.000000</td>\n",
       "      <td>0.635638</td>\n",
       "      <td>0.560328</td>\n",
       "      <td>0.467030</td>\n",
       "      <td>0.439454</td>\n",
       "      <td>0.705750</td>\n",
       "      <td>0.650987</td>\n",
       "      <td>0.414344</td>\n",
       "    </tr>\n",
       "    <tr>\n",
       "      <th>cabin_service</th>\n",
       "      <td>-0.055719</td>\n",
       "      <td>0.728850</td>\n",
       "      <td>0.033841</td>\n",
       "      <td>-0.080699</td>\n",
       "      <td>0.635638</td>\n",
       "      <td>1.000000</td>\n",
       "      <td>0.600195</td>\n",
       "      <td>0.421877</td>\n",
       "      <td>0.447870</td>\n",
       "      <td>0.702038</td>\n",
       "      <td>0.690359</td>\n",
       "      <td>0.431863</td>\n",
       "    </tr>\n",
       "    <tr>\n",
       "      <th>food_bev</th>\n",
       "      <td>-0.024836</td>\n",
       "      <td>0.622074</td>\n",
       "      <td>0.035045</td>\n",
       "      <td>-0.091520</td>\n",
       "      <td>0.560328</td>\n",
       "      <td>0.600195</td>\n",
       "      <td>1.000000</td>\n",
       "      <td>0.469635</td>\n",
       "      <td>0.349929</td>\n",
       "      <td>0.598682</td>\n",
       "      <td>0.583387</td>\n",
       "      <td>0.368814</td>\n",
       "    </tr>\n",
       "    <tr>\n",
       "      <th>entertainment</th>\n",
       "      <td>-0.021592</td>\n",
       "      <td>0.472860</td>\n",
       "      <td>0.024432</td>\n",
       "      <td>-0.054391</td>\n",
       "      <td>0.467030</td>\n",
       "      <td>0.421877</td>\n",
       "      <td>0.469635</td>\n",
       "      <td>1.000000</td>\n",
       "      <td>0.259750</td>\n",
       "      <td>0.454796</td>\n",
       "      <td>0.436579</td>\n",
       "      <td>0.276970</td>\n",
       "    </tr>\n",
       "    <tr>\n",
       "      <th>ground_service</th>\n",
       "      <td>-0.063011</td>\n",
       "      <td>0.547586</td>\n",
       "      <td>0.032803</td>\n",
       "      <td>-0.039795</td>\n",
       "      <td>0.439454</td>\n",
       "      <td>0.447870</td>\n",
       "      <td>0.349929</td>\n",
       "      <td>0.259750</td>\n",
       "      <td>1.000000</td>\n",
       "      <td>0.518975</td>\n",
       "      <td>0.491195</td>\n",
       "      <td>0.301669</td>\n",
       "    </tr>\n",
       "    <tr>\n",
       "      <th>value_for_money</th>\n",
       "      <td>-0.045639</td>\n",
       "      <td>0.855453</td>\n",
       "      <td>0.045217</td>\n",
       "      <td>-0.085966</td>\n",
       "      <td>0.705750</td>\n",
       "      <td>0.702038</td>\n",
       "      <td>0.598682</td>\n",
       "      <td>0.454796</td>\n",
       "      <td>0.518975</td>\n",
       "      <td>1.000000</td>\n",
       "      <td>0.816691</td>\n",
       "      <td>0.488290</td>\n",
       "    </tr>\n",
       "    <tr>\n",
       "      <th>recommended</th>\n",
       "      <td>-0.040677</td>\n",
       "      <td>0.854458</td>\n",
       "      <td>0.041819</td>\n",
       "      <td>-0.063842</td>\n",
       "      <td>0.650987</td>\n",
       "      <td>0.690359</td>\n",
       "      <td>0.583387</td>\n",
       "      <td>0.436579</td>\n",
       "      <td>0.491195</td>\n",
       "      <td>0.816691</td>\n",
       "      <td>1.000000</td>\n",
       "      <td>0.499172</td>\n",
       "    </tr>\n",
       "    <tr>\n",
       "      <th>Customer_reviews_nlp</th>\n",
       "      <td>-0.026163</td>\n",
       "      <td>0.513458</td>\n",
       "      <td>0.024899</td>\n",
       "      <td>-0.038462</td>\n",
       "      <td>0.414344</td>\n",
       "      <td>0.431863</td>\n",
       "      <td>0.368814</td>\n",
       "      <td>0.276970</td>\n",
       "      <td>0.301669</td>\n",
       "      <td>0.488290</td>\n",
       "      <td>0.499172</td>\n",
       "      <td>1.000000</td>\n",
       "    </tr>\n",
       "  </tbody>\n",
       "</table>\n",
       "</div>"
      ],
      "text/plain": [
       "                       airline   overall  traveller_type     cabin  \\\n",
       "airline               1.000000 -0.049841        0.002348  0.009951   \n",
       "overall              -0.049841  1.000000        0.044599 -0.084468   \n",
       "traveller_type        0.002348  0.044599        1.000000  0.027641   \n",
       "cabin                 0.009951 -0.084468        0.027641  1.000000   \n",
       "seat_comfort         -0.061480  0.713036        0.031875 -0.089035   \n",
       "cabin_service        -0.055719  0.728850        0.033841 -0.080699   \n",
       "food_bev             -0.024836  0.622074        0.035045 -0.091520   \n",
       "entertainment        -0.021592  0.472860        0.024432 -0.054391   \n",
       "ground_service       -0.063011  0.547586        0.032803 -0.039795   \n",
       "value_for_money      -0.045639  0.855453        0.045217 -0.085966   \n",
       "recommended          -0.040677  0.854458        0.041819 -0.063842   \n",
       "Customer_reviews_nlp -0.026163  0.513458        0.024899 -0.038462   \n",
       "\n",
       "                      seat_comfort  cabin_service  food_bev  entertainment  \\\n",
       "airline                  -0.061480      -0.055719 -0.024836      -0.021592   \n",
       "overall                   0.713036       0.728850  0.622074       0.472860   \n",
       "traveller_type            0.031875       0.033841  0.035045       0.024432   \n",
       "cabin                    -0.089035      -0.080699 -0.091520      -0.054391   \n",
       "seat_comfort              1.000000       0.635638  0.560328       0.467030   \n",
       "cabin_service             0.635638       1.000000  0.600195       0.421877   \n",
       "food_bev                  0.560328       0.600195  1.000000       0.469635   \n",
       "entertainment             0.467030       0.421877  0.469635       1.000000   \n",
       "ground_service            0.439454       0.447870  0.349929       0.259750   \n",
       "value_for_money           0.705750       0.702038  0.598682       0.454796   \n",
       "recommended               0.650987       0.690359  0.583387       0.436579   \n",
       "Customer_reviews_nlp      0.414344       0.431863  0.368814       0.276970   \n",
       "\n",
       "                      ground_service  value_for_money  recommended  \\\n",
       "airline                    -0.063011        -0.045639    -0.040677   \n",
       "overall                     0.547586         0.855453     0.854458   \n",
       "traveller_type              0.032803         0.045217     0.041819   \n",
       "cabin                      -0.039795        -0.085966    -0.063842   \n",
       "seat_comfort                0.439454         0.705750     0.650987   \n",
       "cabin_service               0.447870         0.702038     0.690359   \n",
       "food_bev                    0.349929         0.598682     0.583387   \n",
       "entertainment               0.259750         0.454796     0.436579   \n",
       "ground_service              1.000000         0.518975     0.491195   \n",
       "value_for_money             0.518975         1.000000     0.816691   \n",
       "recommended                 0.491195         0.816691     1.000000   \n",
       "Customer_reviews_nlp        0.301669         0.488290     0.499172   \n",
       "\n",
       "                      Customer_reviews_nlp  \n",
       "airline                          -0.026163  \n",
       "overall                           0.513458  \n",
       "traveller_type                    0.024899  \n",
       "cabin                            -0.038462  \n",
       "seat_comfort                      0.414344  \n",
       "cabin_service                     0.431863  \n",
       "food_bev                          0.368814  \n",
       "entertainment                     0.276970  \n",
       "ground_service                    0.301669  \n",
       "value_for_money                   0.488290  \n",
       "recommended                       0.499172  \n",
       "Customer_reviews_nlp              1.000000  "
      ]
     },
     "execution_count": 6,
     "metadata": {},
     "output_type": "execute_result"
    }
   ],
   "source": [
    "df.corr()"
   ]
  },
  {
   "cell_type": "code",
   "execution_count": 7,
   "id": "e03ec3c6-e346-4cf1-91a7-fda7a1909c3d",
   "metadata": {},
   "outputs": [
    {
     "data": {
      "text/html": [
       "<div>\n",
       "<style scoped>\n",
       "    .dataframe tbody tr th:only-of-type {\n",
       "        vertical-align: middle;\n",
       "    }\n",
       "\n",
       "    .dataframe tbody tr th {\n",
       "        vertical-align: top;\n",
       "    }\n",
       "\n",
       "    .dataframe thead th {\n",
       "        text-align: right;\n",
       "    }\n",
       "</style>\n",
       "<table border=\"1\" class=\"dataframe\">\n",
       "  <thead>\n",
       "    <tr style=\"text-align: right;\">\n",
       "      <th></th>\n",
       "      <th>airline</th>\n",
       "      <th>overall</th>\n",
       "      <th>traveller_type</th>\n",
       "      <th>cabin</th>\n",
       "      <th>seat_comfort</th>\n",
       "      <th>cabin_service</th>\n",
       "      <th>food_bev</th>\n",
       "      <th>entertainment</th>\n",
       "      <th>ground_service</th>\n",
       "      <th>value_for_money</th>\n",
       "      <th>recommended</th>\n",
       "      <th>Customer_reviews_nlp</th>\n",
       "    </tr>\n",
       "  </thead>\n",
       "  <tbody>\n",
       "    <tr>\n",
       "      <th>airline</th>\n",
       "      <td>529.089840</td>\n",
       "      <td>-3.953284</td>\n",
       "      <td>0.060795</td>\n",
       "      <td>0.147380</td>\n",
       "      <td>-2.051521</td>\n",
       "      <td>-2.002404</td>\n",
       "      <td>-0.843538</td>\n",
       "      <td>-0.722691</td>\n",
       "      <td>-2.196074</td>\n",
       "      <td>-1.647855</td>\n",
       "      <td>-0.467642</td>\n",
       "      <td>-0.273332</td>\n",
       "    </tr>\n",
       "    <tr>\n",
       "      <th>overall</th>\n",
       "      <td>-3.953284</td>\n",
       "      <td>11.890801</td>\n",
       "      <td>0.173153</td>\n",
       "      <td>-0.187547</td>\n",
       "      <td>3.566953</td>\n",
       "      <td>3.926674</td>\n",
       "      <td>3.167394</td>\n",
       "      <td>2.372651</td>\n",
       "      <td>2.861030</td>\n",
       "      <td>4.630378</td>\n",
       "      <td>1.472653</td>\n",
       "      <td>0.804167</td>\n",
       "    </tr>\n",
       "    <tr>\n",
       "      <th>traveller_type</th>\n",
       "      <td>0.060795</td>\n",
       "      <td>0.173153</td>\n",
       "      <td>1.267643</td>\n",
       "      <td>0.020038</td>\n",
       "      <td>0.052063</td>\n",
       "      <td>0.059528</td>\n",
       "      <td>0.058261</td>\n",
       "      <td>0.040027</td>\n",
       "      <td>0.055959</td>\n",
       "      <td>0.079913</td>\n",
       "      <td>0.023533</td>\n",
       "      <td>0.012733</td>\n",
       "    </tr>\n",
       "    <tr>\n",
       "      <th>cabin</th>\n",
       "      <td>0.147380</td>\n",
       "      <td>-0.187547</td>\n",
       "      <td>0.020038</td>\n",
       "      <td>0.414595</td>\n",
       "      <td>-0.083167</td>\n",
       "      <td>-0.081183</td>\n",
       "      <td>-0.087012</td>\n",
       "      <td>-0.050961</td>\n",
       "      <td>-0.038824</td>\n",
       "      <td>-0.086887</td>\n",
       "      <td>-0.020546</td>\n",
       "      <td>-0.011248</td>\n",
       "    </tr>\n",
       "    <tr>\n",
       "      <th>seat_comfort</th>\n",
       "      <td>-2.051521</td>\n",
       "      <td>3.566953</td>\n",
       "      <td>0.052063</td>\n",
       "      <td>-0.083167</td>\n",
       "      <td>2.104556</td>\n",
       "      <td>1.440692</td>\n",
       "      <td>1.200265</td>\n",
       "      <td>0.985872</td>\n",
       "      <td>0.965957</td>\n",
       "      <td>1.607111</td>\n",
       "      <td>0.472016</td>\n",
       "      <td>0.273009</td>\n",
       "    </tr>\n",
       "    <tr>\n",
       "      <th>cabin_service</th>\n",
       "      <td>-2.002404</td>\n",
       "      <td>3.926674</td>\n",
       "      <td>0.059528</td>\n",
       "      <td>-0.081183</td>\n",
       "      <td>1.440692</td>\n",
       "      <td>2.440967</td>\n",
       "      <td>1.384610</td>\n",
       "      <td>0.959096</td>\n",
       "      <td>1.060224</td>\n",
       "      <td>1.721695</td>\n",
       "      <td>0.539089</td>\n",
       "      <td>0.306452</td>\n",
       "    </tr>\n",
       "    <tr>\n",
       "      <th>food_bev</th>\n",
       "      <td>-0.843538</td>\n",
       "      <td>3.167394</td>\n",
       "      <td>0.058261</td>\n",
       "      <td>-0.087012</td>\n",
       "      <td>1.200265</td>\n",
       "      <td>1.384610</td>\n",
       "      <td>2.180263</td>\n",
       "      <td>1.009046</td>\n",
       "      <td>0.782887</td>\n",
       "      <td>1.387602</td>\n",
       "      <td>0.430542</td>\n",
       "      <td>0.247342</td>\n",
       "    </tr>\n",
       "    <tr>\n",
       "      <th>entertainment</th>\n",
       "      <td>-0.722691</td>\n",
       "      <td>2.372651</td>\n",
       "      <td>0.040027</td>\n",
       "      <td>-0.050961</td>\n",
       "      <td>0.985872</td>\n",
       "      <td>0.959096</td>\n",
       "      <td>1.009046</td>\n",
       "      <td>2.117345</td>\n",
       "      <td>0.572684</td>\n",
       "      <td>1.038787</td>\n",
       "      <td>0.317514</td>\n",
       "      <td>0.183048</td>\n",
       "    </tr>\n",
       "    <tr>\n",
       "      <th>ground_service</th>\n",
       "      <td>-2.196074</td>\n",
       "      <td>2.861030</td>\n",
       "      <td>0.055959</td>\n",
       "      <td>-0.038824</td>\n",
       "      <td>0.965957</td>\n",
       "      <td>1.060224</td>\n",
       "      <td>0.782887</td>\n",
       "      <td>0.572684</td>\n",
       "      <td>2.295774</td>\n",
       "      <td>1.234315</td>\n",
       "      <td>0.371982</td>\n",
       "      <td>0.207601</td>\n",
       "    </tr>\n",
       "    <tr>\n",
       "      <th>value_for_money</th>\n",
       "      <td>-1.647855</td>\n",
       "      <td>4.630378</td>\n",
       "      <td>0.079913</td>\n",
       "      <td>-0.086887</td>\n",
       "      <td>1.607111</td>\n",
       "      <td>1.721695</td>\n",
       "      <td>1.387602</td>\n",
       "      <td>1.038787</td>\n",
       "      <td>1.234315</td>\n",
       "      <td>2.463934</td>\n",
       "      <td>0.640732</td>\n",
       "      <td>0.348119</td>\n",
       "    </tr>\n",
       "    <tr>\n",
       "      <th>recommended</th>\n",
       "      <td>-0.467642</td>\n",
       "      <td>1.472653</td>\n",
       "      <td>0.023533</td>\n",
       "      <td>-0.020546</td>\n",
       "      <td>0.472016</td>\n",
       "      <td>0.539089</td>\n",
       "      <td>0.430542</td>\n",
       "      <td>0.317514</td>\n",
       "      <td>0.371982</td>\n",
       "      <td>0.640732</td>\n",
       "      <td>0.249809</td>\n",
       "      <td>0.113316</td>\n",
       "    </tr>\n",
       "    <tr>\n",
       "      <th>Customer_reviews_nlp</th>\n",
       "      <td>-0.273332</td>\n",
       "      <td>0.804167</td>\n",
       "      <td>0.012733</td>\n",
       "      <td>-0.011248</td>\n",
       "      <td>0.273009</td>\n",
       "      <td>0.306452</td>\n",
       "      <td>0.247342</td>\n",
       "      <td>0.183048</td>\n",
       "      <td>0.207601</td>\n",
       "      <td>0.348119</td>\n",
       "      <td>0.113316</td>\n",
       "      <td>0.206287</td>\n",
       "    </tr>\n",
       "  </tbody>\n",
       "</table>\n",
       "</div>"
      ],
      "text/plain": [
       "                         airline    overall  traveller_type     cabin  \\\n",
       "airline               529.089840  -3.953284        0.060795  0.147380   \n",
       "overall                -3.953284  11.890801        0.173153 -0.187547   \n",
       "traveller_type          0.060795   0.173153        1.267643  0.020038   \n",
       "cabin                   0.147380  -0.187547        0.020038  0.414595   \n",
       "seat_comfort           -2.051521   3.566953        0.052063 -0.083167   \n",
       "cabin_service          -2.002404   3.926674        0.059528 -0.081183   \n",
       "food_bev               -0.843538   3.167394        0.058261 -0.087012   \n",
       "entertainment          -0.722691   2.372651        0.040027 -0.050961   \n",
       "ground_service         -2.196074   2.861030        0.055959 -0.038824   \n",
       "value_for_money        -1.647855   4.630378        0.079913 -0.086887   \n",
       "recommended            -0.467642   1.472653        0.023533 -0.020546   \n",
       "Customer_reviews_nlp   -0.273332   0.804167        0.012733 -0.011248   \n",
       "\n",
       "                      seat_comfort  cabin_service  food_bev  entertainment  \\\n",
       "airline                  -2.051521      -2.002404 -0.843538      -0.722691   \n",
       "overall                   3.566953       3.926674  3.167394       2.372651   \n",
       "traveller_type            0.052063       0.059528  0.058261       0.040027   \n",
       "cabin                    -0.083167      -0.081183 -0.087012      -0.050961   \n",
       "seat_comfort              2.104556       1.440692  1.200265       0.985872   \n",
       "cabin_service             1.440692       2.440967  1.384610       0.959096   \n",
       "food_bev                  1.200265       1.384610  2.180263       1.009046   \n",
       "entertainment             0.985872       0.959096  1.009046       2.117345   \n",
       "ground_service            0.965957       1.060224  0.782887       0.572684   \n",
       "value_for_money           1.607111       1.721695  1.387602       1.038787   \n",
       "recommended               0.472016       0.539089  0.430542       0.317514   \n",
       "Customer_reviews_nlp      0.273009       0.306452  0.247342       0.183048   \n",
       "\n",
       "                      ground_service  value_for_money  recommended  \\\n",
       "airline                    -2.196074        -1.647855    -0.467642   \n",
       "overall                     2.861030         4.630378     1.472653   \n",
       "traveller_type              0.055959         0.079913     0.023533   \n",
       "cabin                      -0.038824        -0.086887    -0.020546   \n",
       "seat_comfort                0.965957         1.607111     0.472016   \n",
       "cabin_service               1.060224         1.721695     0.539089   \n",
       "food_bev                    0.782887         1.387602     0.430542   \n",
       "entertainment               0.572684         1.038787     0.317514   \n",
       "ground_service              2.295774         1.234315     0.371982   \n",
       "value_for_money             1.234315         2.463934     0.640732   \n",
       "recommended                 0.371982         0.640732     0.249809   \n",
       "Customer_reviews_nlp        0.207601         0.348119     0.113316   \n",
       "\n",
       "                      Customer_reviews_nlp  \n",
       "airline                          -0.273332  \n",
       "overall                           0.804167  \n",
       "traveller_type                    0.012733  \n",
       "cabin                            -0.011248  \n",
       "seat_comfort                      0.273009  \n",
       "cabin_service                     0.306452  \n",
       "food_bev                          0.247342  \n",
       "entertainment                     0.183048  \n",
       "ground_service                    0.207601  \n",
